288.707     0.0093
329.243     0.9998
263.810     -0.0156
288.743     -0.0088
329.901     -0.9998
263.790     0.0163
288.711     0.0092
329.342     0.9998
263.806     -0.0151
381.934     -0.8053
260.874     -0.5039
232.314     0.3125
381.431     0.8052
260.567     0.5039
232.507     -0.3125
382.683     0.8052
261.341     0.5042
232.025     -0.3122
369.677     -0.6206
242.917     -0.0784
155.912     0.7802
369.222     0.6202
242.865     0.0793
156.479     -0.7805
369.500     0.6205
242.891     0.0793
156.150     -0.7802
377.305     -0.6400
296.979     -0.5659
191.728     0.5198
377.154     0.6397
296.863     0.5658
191.839     -0.5202
376.960     0.6402
296.693     0.5656
191.998     -0.5198
362.495     -0.7874
306.404     -0.5528
298.459     -0.2727
361.771     0.7872
305.905     0.5532
298.207     0.2727
361.402     0.7875
305.640     0.5528
298.086     0.2725
291.533     -0.0436
303.975     -0.8496
313.748     -0.5255
291.463     0.0441
302.997     0.8494
313.141     0.5259
291.563     -0.0444
304.337     -0.8494
313.984     -0.5259
248.526     0.3065
272.492     -0.4826
391.479     -0.8205
248.912     -0.3065
271.893     0.4822
390.449     0.8207
248.807     -0.3065
272.057     0.4822
390.735     0.8207
179.573     0.6213
278.320     -0.3095
345.346     -0.7198
180.592     -0.6213
277.813     0.3097
344.172     0.7197
180.157     -0.6215
278.023     0.3091
344.687     0.7198
260.497     0.1083
242.082     -0.1716
389.915     -0.9792
260.451     0.1073
242.069     -0.1719
390.031     -0.9793
260.465     -0.1081
242.045     0.1711
389.855     0.9793
311.132     -0.1154
303.494     -0.7785
318.475     -0.6169
311.121     -0.1155
303.401     -0.7789
318.401     -0.6165
311.209     -0.1146
304.027     -0.7790
318.897     -0.6165
231.475     0.3281
254.761     -0.4260
336.485     -0.8431
231.076     0.3280
255.290     -0.4260
337.558     -0.8432
231.147     -0.3272
255.190     0.4261
337.353     0.8434
368.924     -0.6453
224.774     -0.2421
386.636     -0.7246
368.342     0.6447
224.574     0.2424
385.978     0.7250
368.085     0.6447
224.443     0.2425
385.670     0.7249
302.121     -0.0503
255.299     -0.9278
374.260     -0.3696
302.068     0.0529
254.785     0.9277
374.049     0.3695
301.969     0.0520
253.257     0.9281
373.447     0.3687
288.808     -0.3118
335.485     -0.9147
308.370     -0.2570
288.084     0.3112
333.396     0.9152
307.784     0.2562
288.843     0.3096
335.546     0.9153
308.390     0.2575
290.974     -0.3353
311.024     -0.9175
209.625     0.2138
290.896     -0.3352
310.822     -0.9179
209.688     0.2126
290.425     0.3347
309.366     0.9178
209.994     -0.2138
416.706     -0.9109
249.311     -0.4125
252.499     0.0144
416.562     0.9109
249.236     0.4124
252.520     -0.0147
416.527     -0.9109
249.232     -0.4123
252.480     0.0144
241.124     -0.1660
349.721     -0.8214
266.414     -0.5457
240.742     0.1658
347.911     0.8218
265.206     0.5451
241.100     -0.1647
349.705     -0.8214
266.410     -0.5460
373.809     -0.8940
239.793     -0.3133
323.462     -0.3204
372.240     0.8940
239.267     0.3132
322.900     0.3204
372.411     0.8938
239.318     0.3132
322.963     0.3210
317.975     -0.1653
275.221     -0.9407
313.343     -0.2963
317.891     0.1669
274.970     0.9403
313.290     0.2967
317.737     0.1664
274.107     0.9406
313.019     0.2961
347.158     -0.4097
204.029     0.1520
355.232     -0.8995
347.070     -0.4112
204.057     0.1524
355.026     -0.8987
347.044     0.4107
204.050     -0.1523
354.940     0.8989
378.243     -0.1204
256.927     -0.7459
228.013     0.6551
378.177     -0.1196
256.641     -0.7462
228.277     0.6549
378.172     0.1195
256.478     0.7453
228.401     -0.6559
389.918     -0.9711
227.612     -0.1140
319.142     -0.2098
389.157     0.9710
227.529     0.1141
318.968     0.2101
389.114     0.9711
227.522     0.1140
318.959     0.2099
360.198     -0.4196
213.477     -0.4216
330.936     -0.8039
361.093     -0.4197
214.384     -0.4215
332.668     -0.8039
360.897     -0.4196
214.193     -0.4220
332.298     -0.8036
238.119     0.3561
338.352     -0.6299
304.779     -0.6902
237.871     0.3552
338.818     -0.6297
305.274     -0.6909
238.044     0.3555
338.479     -0.6297
304.902     -0.6907
326.539     -0.4972
312.461     -0.8657
253.967     0.0586
326.467     -0.4977
312.392     -0.8653
253.980     0.0588
326.132     0.4974
311.711     0.8655
254.018     -0.0598
