-95 15 127 -2 -52 -110
-98 26 132 21 -71 -60
-119 35 118 -34 -65 -12
-96 17 104 -51 44 8
-73 25 114 -85 85 83
-91 31 130 -183 94 46
-80 33 131 -181 89 8
-82 18 109 50 8 -233
-90 14 115 45 36 -267
-115 24 116 -88 -81 -111
-95 18 117 -84 -34 -115
-118 35 115 -113 -93 -161
-85 33 136 2 -95 -128
-69 32 109 76 -94 -130
-83 24 109 74 -56 -138
-87 17 124 89 -54 -94
-110 35 84 70 92 -265
-71 30 117 99 -81 -74
-88 33 132 11 -95 -119
-117 32 122 -96 -75 -185
-125 33 117 -68 -79 -43
-73 29 125 86 -76 -55
-121 41 115 -96 -95 -154
-101 18 99 57 57 -245
-84 22 125 45 -70 -105