-68 74 84 68 -104 -37
-83 40 115 58 -57 14
-64 71 80 98 -102 2
-72 50 109 86 -74 35
-106 57 115 -17 -61 5
-81 36 134 0 -53 -23
-97 51 109 -17 -42 -15
-122 56 119 -22 -60 37
-104 44 137 -2 -65 13
-84 43 120 2 -34 -26
-122 50 108 -82 -76 -30
-125 60 105 -68 -95 -8
-79 57 113 54 -88 35
-128 64 88 -110 -88 -54
-70 62 93 100 -83 55
-86 47 114 13 -44 -24
-101 57 101 4 -43 37
-98 55 118 15 -58 17
-102 49 123 -22 -80 -30
-110 47 120 -29 -76 1
-112 54 120 -19 -87 36
-128 64 86 -108 -95 -27
-109 37 138 0 -67 24
-85 63 121 -112 121 -121