301.587 -0.1913
231.351 0.8955
258.352 0.4018
300.790 -0.1912
230.628 0.8956
259.594 0.4016
301.517 -0.1911
230.630 0.8957
259.938 0.4014
317.313 0.9605
227.521 0.2549
250.947 -0.1119
317.311 0.9606
227.081 0.2545
249.957 -0.1114
317.179 0.9605
227.614 0.2549
250.050 -0.1118
397.135 0.4297
316.124 0.7775
151.347 -0.4591
397.170 0.4299
316.098 0.7776
151.336 -0.4589
397.345 0.4303
316.117 0.7777
151.528 -0.4583
403.077 0.8182
299.164 -0.5503
148.424 -0.1668
403.016 0.8181
298.982 -0.5505
148.676 -0.1666
402.762 0.8179
298.595 -0.5506
148.708 -0.1673
339.840 0.4726
228.480 0.8571
288.627 0.2052
339.798 0.4727
228.737 0.8571
287.683 0.2048
340.294 0.4725
228.555 0.8571
287.317 0.2051
348.302 0.8582
214.688 -0.5004
284.175 0.1144
348.520 0.8579
214.539 -0.5009
281.893 0.1145
348.701 0.8581
214.427 -0.5005
280.111 0.1145
427.244 0.8211
264.780 0.5466
219.465 -0.1645
427.019 0.8211
264.622 0.5466
217.764 -0.1645
427.156 0.8208
264.457 0.5467
217.868 -0.1652
426.418 0.5694
245.498 -0.8057
216.048 0.1629
426.923 0.5692
245.843 -0.8058
216.032 0.1631
426.729 0.5700
245.520 -0.8054
215.109 0.1628
424.509 -0.3211
180.946 0.9295
109.064 -0.1815
423.497 -0.3209
180.482 0.9296
108.490 -0.1815
423.645 -0.3207
180.646 0.9296
109.083 -0.1815
431.285 0.4344
171.402 -0.0271
97.770 -0.9003
434.080 0.4349
171.540 -0.0260
99.130 -0.9001
434.305 0.4346
171.356 -0.0256
99.251 -0.9003
422.846 -0.5154
268.411 0.8129
321.549 0.2713
422.536 -0.5156
268.212 0.8128
321.560 0.2711
423.230 -0.5149
268.602 0.8132
321.690 0.2713
427.124 0.0768
265.351 0.3586
304.499 -0.9303
427.869 0.0772
265.089 0.3592
304.462 -0.9301
428.082 0.0781
265.063 0.3586
304.476 -0.9302
331.455 -0.5481
213.738 0.8091
150.251 0.2120
330.635 -0.5483
212.988 0.8090
150.967 0.2118
331.614 -0.5480
214.007 0.8092
149.594 0.2118
339.061 0.1318
210.658 0.3330
134.642 -0.9337
336.728 0.1326
208.946 0.3347
133.704 -0.9329
338.385 0.1321
209.928 0.3328
134.294 -0.9337
544.794 0.0387
172.291 0.7483
26.908 -0.6622
544.708 0.0407
171.914 0.7495
26.520 -0.6608
543.892 0.0404
171.423 0.7499
25.907 -0.6603
551.108 0.6837
157.049 -0.5031
23.516 -0.5286
550.114 0.6833
155.805 -0.5034
23.399 -0.5289
550.803 0.6839
155.592 -0.5030
24.496 -0.5285
538.605 -0.2155
232.762 0.8782
173.599 -0.4269
538.827 -0.2160
232.978 0.8782
173.938 -0.4268
537.989 -0.2155
232.494 0.8783
173.357 -0.4268
549.606 0.6649
221.329 -0.1881
166.393 -0.7229
549.104 0.6647
220.892 -0.1887
166.051 -0.7229
548.528 0.6647
220.134 -0.1892
165.724 -0.7227
363.804 -0.6875
217.154 0.6950
270.406 0.2105
363.684 -0.6879
216.911 0.6947
270.836 0.2101
363.704 -0.6876
217.221 0.6950
269.881 0.2101
370.722 0.0578
215.400 0.3412
254.149 -0.9382
371.286 0.0581
215.247 0.3412
254.121 -0.9382
371.669 0.0587
214.793 0.3407
253.991 -0.9383
450.979 0.1703
278.977 0.5945
114.065 0.7859
450.143 0.1702
279.034 0.5945
114.204 0.7859
450.135 0.1700
278.176 0.5947
114.854 0.7857
441.774 -0.3471
285.233 0.7826
98.886 -0.5168
440.117 -0.3475
285.002 0.7824
99.654 -0.5167
440.262 -0.3473
285.314 0.7825
100.045 -0.5168
468.389 0.2223
273.604 0.9076
74.615 0.3560
469.855 0.2220
272.695 0.9077
76.012 0.3560
469.547 0.2221
273.462 0.9076
74.252 0.3561
464.431 -0.0944
271.230 0.3833
57.456 -0.9188
463.380 -0.0945
270.649 0.3835
57.332 -0.9187
464.090 0.0944
271.662 -0.3836
54.418 0.9186
426.443 0.6427
258.885 0.7386
181.277 -0.2032
426.642 0.6429
258.253 0.7386
179.636 -0.2029
426.545 0.6425
258.065 0.7388
178.613 -0.2033
427.755 0.6682
241.880 -0.6702
173.330 -0.3229
427.521 0.6680
241.449 -0.6702
173.748 -0.3234
428.174 0.6682
241.954 -0.6704
174.038 -0.3227
494.852 0.6609
209.792 0.1520
61.781 0.7350
493.419 0.6609
210.415 0.1516
62.927 0.7350
493.204 0.6612
210.987 0.1513
63.003 0.7348
480.711 -0.2530
222.965 0.9671
58.704 0.0272
481.457 -0.2532
223.188 0.9670
57.534 0.0274
480.853 -0.2530
223.005 0.9671
58.401 0.0276
394.331 0.9708
212.565 0.1810
231.178 0.1573
394.109 0.9708
213.667 0.1811
231.314 0.1575
394.039 0.9710
212.981 0.1806
232.441 0.1565
387.902 0.1473
195.407 -0.9677
227.699 0.2044
387.161 0.1468
194.960 -0.9678
226.144 0.2045
387.140 0.1470
194.937 -0.9678
226.047 0.2044
330.556 -0.5497
234.784 0.8326
209.228 0.0677
330.800 -0.5495
235.106 0.8327
207.094 0.0679
331.606 -0.5494
235.505 0.8328
208.751 0.0678
342.296 0.3534
231.544 0.3048
194.815 -0.8844
341.872 0.3532
230.781 0.3050
194.382 -0.8844
340.579 0.3536
229.335 0.3049
193.374 -0.8843
349.077 0.1265
196.711 0.7166
40.455 -0.6859
348.830 0.1263
195.927 0.7165
39.598 -0.6861
348.843 0.1268
195.286 0.7165
38.927 -0.6860
355.730 0.7004
181.118 -0.5539
37.920 -0.4502
355.134 0.7008
179.890 -0.5537
38.500 -0.4498
354.443 0.7006
178.993 -0.5537
38.540 -0.4501
450.149 -0.0477
179.814 0.8598
113.819 -0.5084
449.693 -0.0474
179.932 0.8599
114.068 -0.5083
450.677 -0.0473
178.430 0.8602
111.426 -0.5077
461.804 0.7874
166.978 -0.2807
110.134 -0.5489
460.770 0.7874
166.064 -0.2801
109.114 -0.5491
459.867 0.7876
165.602 -0.2806
108.057 -0.5487
411.861 -0.1879
281.379 0.8296
184.956 0.5257
410.846 -0.1881
281.529 0.8295
184.353 0.5258
410.788 -0.1878
282.121 0.8296
183.391 0.5259
415.732 0.1928
281.309 0.5562
166.673 -0.8084
414.382 0.1927
281.547 0.5560
166.508 -0.8085
415.301 0.1929
281.492 0.5558
166.697 -0.8086
426.933 -0.0799
301.721 0.9929
114.503 0.0883
425.865 -0.0794
301.689 0.9929
113.883 0.0884
426.864 -0.0794
301.737 0.9929
114.254 0.0888
428.015 0.2839
293.582 0.1080
98.856 -0.9528
428.392 0.2836
293.093 0.1074
98.916 -0.9529
428.054 0.2836
293.645 0.1069
98.884 -0.9530
469.129 0.2879
270.157 0.8375
83.365 -0.4645
468.363 0.2879
270.036 0.8375
82.673 -0.4645
468.183 0.2880
269.735 0.8375
82.013 -0.4644
470.650 0.3714
253.593 -0.5453
76.803 -0.7515
467.937 0.3717
253.908 -0.5447
75.239 -0.7518
467.250 0.3713
252.985 -0.5450
75.574 -0.7517
487.695 0.5492
243.911 0.5590
52.783 0.6212
486.720 0.5499
244.220 0.5588
53.378 0.6208
490.400 0.5495
241.644 0.5589
52.436 0.6210
472.908 -0.4513
249.622 0.8240
44.308 -0.3427
472.845 -0.4508
249.517 0.8241
44.125 -0.3430
472.675 -0.4508
249.502 0.8240
44.317 -0.3433
554.570 0.0682
290.125 0.8753
126.239 -0.4788
554.733 0.0682
289.290 0.8754
124.732 -0.4786
555.243 0.0682
289.824 0.8753
125.792 -0.4788
562.124 0.7278
274.917 -0.3716
120.127 -0.5763
562.354 0.7277
274.661 -0.3718
120.595 -0.5764
561.555 0.7274
274.281 -0.3721
119.820 -0.5766
577.269 0.8296
294.106 0.5093
181.341 0.2287
576.811 0.8294
294.708 0.5094
181.644 0.2293
576.464 0.8295
294.783 0.5092
182.726 0.2295
577.436 0.5543
280.257 -0.7015
169.816 -0.4479
577.053 0.5544
279.207 -0.7016
170.981 -0.4477
576.919 0.5541
278.762 -0.7019
171.518 -0.4475
