291.668     -0.0099
380.004     -0.9998
265.972     0.0150
292.313     0.0098
376.986     0.9998
264.953     -0.0151
292.536     -0.0100
379.979     -0.9998
264.688     0.0146
281.393     -0.6884
370.323     0.0156
276.577     0.7252
280.935     -0.6894
369.812     0.0174
276.150     0.7242
281.230     -0.6873
370.329     0.0177
276.421     0.7261
421.452     0.8054
286.251     0.5045
221.680     -0.3112
421.927     0.8053
285.439     0.5045
221.559     -0.3114
421.937     0.8056
285.139     0.5045
221.110     -0.3105
408.243     -0.4596
293.718     0.8633
226.357     0.2083
408.989     -0.4599
294.154     0.8633
226.197     0.2079
408.985     -0.4600
294.141     0.8633
226.229     0.2078
401.654     0.6200
247.310     0.0799
121.856     -0.7805
401.364     0.6204
248.080     0.0797
121.699     -0.7802
401.615     0.6204
247.667     0.0800
121.858     -0.7802
396.121     -0.0852
261.164     0.9958
128.598     0.0340
395.804     -0.0857
261.130     0.9957
128.817     0.0336
395.672     -0.0849
261.121     0.9958
128.799     0.0337
406.465     0.6396
326.446     0.5662
169.170     -0.5200
406.520     0.6399
326.153     0.5663
168.900     -0.5194
406.423     0.6401
326.063     0.5661
168.685     -0.5195
391.322     -0.7585
328.352     0.3519
165.197     -0.5485
391.046     -0.7581
327.827     0.3525
165.239     -0.5487
391.346     -0.7587
328.152     0.3522
165.032     -0.5480
397.950     0.7871
334.252     0.5532
315.695     0.2727
398.674     0.7868
333.474     0.5534
315.189     0.2733
401.291     -0.7868
334.484     -0.5534
316.583     -0.2733
385.366     -0.4690
341.223     0.8244
307.818     -0.3169
385.246     -0.4695
341.237     0.8241
308.028     -0.3167
385.699     -0.4694
341.216     0.8240
307.309     -0.3172
296.404     0.0448
345.103     0.8491
340.769     0.5264
296.392     0.0450
345.162     0.8492
340.687     0.5261
297.120     0.0450
345.044     0.8490
340.821     0.5264
286.010     -0.6809
332.559     -0.3590
347.500     0.6384
285.716     -0.6825
333.175     -0.3586
347.532     0.6368
285.487     -0.6831
333.371     -0.3592
347.382     0.6359
237.889     -0.3062
294.011     0.4821
431.020     0.8209
237.977     -0.3062
294.609     0.4821
430.709     0.8209
237.993     -0.3055
295.222     0.4819
430.353     0.8212
233.710     -0.4356
277.369     -0.8375
429.651     0.3298
233.194     -0.4341
277.300     -0.8382
428.797     0.3301
233.367     -0.4349
277.399     -0.8376
429.273     0.3305
153.440     -0.6207
296.319     0.3103
380.532     0.7200
152.740     -0.6206
296.392     0.3100
379.914     0.7202
151.899     -0.6201
295.902     0.3103
379.397     0.7206
164.070     0.3896
283.640     -0.6748
384.607     0.6268
163.841     0.3885
283.731     -0.6752
384.855     0.6271
164.465     0.3906
284.039     -0.6742
384.804     0.6269
256.696     -0.1071
254.916     0.1718
435.264     0.9793
257.307     -0.1072
255.329     0.1718
435.263     0.9793
257.437     -0.1063
254.044     0.1723
435.503     0.9793
271.424     0.8302
244.708     -0.5259
429.502     0.1848
270.540     0.8319
243.408     -0.5236
429.939     0.1840
271.198     0.8318
244.735     -0.5237
430.734     0.1838
320.842     0.1160
341.448     0.7785
345.535     0.6168
321.668     -0.1158
343.650     -0.7785
347.458     -0.6168
320.015     -0.1157
344.462     -0.7786
346.748     -0.6167
323.942     0.2973
326.150     -0.6206
353.186     0.7256
322.867     0.2976
325.735     -0.6206
353.280     0.7255
323.586     0.2979
325.915     -0.6201
353.134     0.7258
218.760     -0.3269
278.572     0.4262
377.157     0.8435
217.921     -0.3270
277.465     0.4260
377.401     0.8435
218.151     -0.3273
278.181     0.4257
377.125     0.8436
229.564     -0.4408
261.282     0.7205
380.410     -0.5353
228.754     0.4402
263.557     -0.7207
378.546     0.5356
227.899     0.4412
263.193     -0.7200
378.751     0.5357
402.233     -0.6449
244.783     -0.2423
419.524     -0.7248
401.772     -0.6454
244.979     -0.2417
419.871     -0.7245
403.506     -0.6452
243.356     -0.2413
418.856     -0.7249
400.947     0.2742
220.490     -0.9588
414.005     0.0745
401.758     0.2741
220.795     -0.9587
414.885     0.0762
400.856     0.2743
220.570     -0.9588
415.343     0.0741
307.337     0.0511
298.242     0.9276
392.187     0.3700
308.016     -0.0509
301.137     -0.9277
392.937     -0.3698
307.677     -0.0507
300.798     -0.9278
393.837     -0.3696
296.751     -0.6360
287.646     -0.2545
401.573     0.7285
296.259     -0.6397
287.290     -0.2561
401.010     0.7247
295.906     -0.6397
287.511     -0.2528
400.774     0.7259
305.383     -0.3109
379.974     -0.9151
324.498     -0.2568
305.664     -0.3113
379.897     -0.9150
324.449     -0.2566
302.969     -0.3112
381.062     -0.9150
323.504     -0.2569
286.504     -0.9330
376.191     0.3449
320.141     -0.1025
286.582     -0.9332
376.068     0.3446
318.964     -0.1016
286.869     -0.9330
376.833     0.3452
318.954     -0.1014
307.531     0.3352
355.369     0.9177
203.126     -0.2131
306.673     0.3354
355.728     0.9178
203.289     -0.2126
308.817     0.3357
354.955     0.9177
203.383     -0.2123
290.562     -0.9416
354.089     0.3343
204.818     -0.0406
290.359     -0.9417
353.483     0.3340
204.521     -0.0402
290.624     -0.9418
354.164     0.3337
204.089     -0.0401
458.783     0.9108
271.196     0.4126
253.775     -0.0136
458.712     0.9108
271.407     0.4127
255.113     -0.0134
459.084     0.9109
270.590     0.4124
255.032     -0.0129
446.208     -0.3661
279.230     0.7927
248.207     -0.4873
446.385     -0.3669
279.317     0.7931
248.213     -0.4862
445.706     0.3661
281.539     -0.7924
246.191     0.4879
250.551     -0.1658
392.174     -0.8214
291.792     -0.5458
251.709     -0.1657
392.147     -0.8214
291.479     -0.5458
250.767     -0.1655
392.425     -0.8212
291.349     -0.5461
260.754     0.6791
376.878     -0.4969
294.333     0.5404
260.399     0.6797
375.696     -0.4966
293.697     0.5398
260.513     0.6797
376.535     -0.4963
294.329     0.5401
412.609     0.8939
255.441     0.3133
341.980     0.3205
413.066     0.8936
254.600     0.3133
341.547     0.3215
412.638     0.8935
255.546     0.3135
341.806     0.3214
403.061     -0.2110
266.278     0.9247
334.012     -0.3168
403.195     -0.2107
266.369     0.9248
334.177     -0.3169
402.048     0.2099
268.925     -0.9249
332.939     0.3169
328.104     -0.1663
321.983     -0.9402
328.792     -0.2972
328.712     -0.1664
321.345     -0.9400
330.480     -0.2979
329.546     -0.1664
321.352     -0.9401
329.996     -0.2975
315.026     -0.7748
310.069     -0.0608
337.068     0.6293
314.713     -0.7742
309.911     -0.0610
336.686     0.6300
315.046     -0.7751
311.000     -0.0620
337.200     0.6288
368.574     0.4108
199.215     -0.1527
396.390     0.8989
368.512     0.4108
198.854     -0.1526
396.353     0.8989
369.673     0.4106
198.316     -0.1526
395.732     0.8989
369.114     -0.1967
181.660     0.9476
385.443     0.2517
369.202     -0.1967
181.836     0.9476
384.838     0.2519
370.097     -0.1964
181.778     0.9476
385.778     0.2519
388.615     -0.1196
291.627     -0.7458
195.446     0.6554
388.354     -0.1211
292.504     -0.7463
196.393     0.6545
388.188     -0.1217
292.472     -0.7457
196.339     0.6551
384.183     -0.1187
294.604     0.6657
215.272     0.7367
384.090     -0.1181
295.320     0.6659
214.615     0.7366
384.789     -0.1185
294.850     0.6657
215.156     0.7367
433.359     0.9708
232.098     0.1143
332.960     0.2107
433.319     0.9708
232.610     0.1144
332.878     0.2111
436.431     -0.9709
233.590     -0.1144
332.229     -0.2104
425.168     -0.0689
247.104     0.9751
326.616     -0.2110
425.108     -0.0698
247.121     0.9750
326.723     -0.2107
424.680     0.0694
250.163     -0.9750
326.704     0.2111
384.799     0.4201
233.682     0.4212
367.196     0.8038
383.076     0.4203
234.035     0.4210
367.916     0.8038
384.612     0.4204
233.237     0.4211
367.535     0.8037
383.621     0.1596
216.955     -0.9064
367.686     0.3912
383.031     0.1600
217.104     -0.9064
368.263     0.3909
382.842     0.1604
217.451     -0.9063
369.134     0.3909
222.768     -0.3549
371.313     0.6301
337.791     0.6906
222.626     -0.3546
372.290     0.6305
336.843     0.6905
222.518     -0.3551
371.896     0.6297
337.132     0.6909
234.558     0.5964
360.517     -0.4163
343.109     0.6863
234.719     0.5957
359.848     -0.4165
342.563     0.6868
234.545     0.5970
360.500     -0.4157
343.109     0.6862
352.582     -0.4971
355.049     -0.8657
254.882     0.0585
352.827     -0.4974
354.888     -0.8655
254.569     0.0586
352.357     -0.4975
355.110     -0.8655
253.908     0.0583
334.324     -0.8334
353.883     0.4950
257.953     0.2459
334.289     -0.8346
353.696     0.4940
258.231     0.2437
334.158     -0.8338
354.182     0.4956
256.812     0.2431
