 0, 0, 0, 0, 0, 0
 0.0143049, 0.00688619, 0.010215, 0.00948939, 0.0202541, 0.0163897
 0.0286099, 0.0137724, 0.02043, 0.0189788, 0.0405082, 0.0327795
 0.0429148, 0.0206586, 0.0306451, 0.0284682, 0.0607623, 0.0491692
 0.0572198, 0.0275448, 0.0408601, 0.0379576, 0.0810164, 0.0655589
 0.0715247, 0.034431, 0.0510751, 0.047447, 0.101271, 0.0819486
 0.0858297, 0.0413172, 0.0612901, 0.0569363, 0.121525, 0.0983384
 0.100135, 0.0482034, 0.0715051, 0.0664257, 0.141779, 0.114728
 0.11444, 0.0550896, 0.0817201, 0.0759151, 0.162033, 0.131118
 0.128744, 0.0619757, 0.0919352, 0.0854045, 0.182287, 0.147508
 0.143049, 0.0688619, 0.10215, 0.0948939, 0.202541, 0.163897
 0.157354, 0.0757481, 0.112365, 0.104383, 0.222795, 0.180287
 0.171659, 0.0826343, 0.12258, 0.113873, 0.243049, 0.196677
 0.185964, 0.0895205, 0.132795, 0.123362, 0.263303, 0.213066
 0.200269, 0.0964067, 0.14301, 0.132851, 0.283557, 0.229456
 0.214574, 0.103293, 0.153225, 0.142341, 0.303812, 0.245846
 0.228879, 0.110179, 0.16344, 0.15183, 0.324066, 0.262236
 0.243184, 0.117065, 0.173655, 0.16132, 0.34432, 0.278625
 0.257489, 0.123951, 0.18387, 0.170809, 0.364574, 0.295015
 0.271794, 0.130838, 0.194085, 0.180298, 0.384828, 0.311405
 0.286099, 0.137724, 0.2043, 0.189788, 0.405082, 0.327795
 0.300404, 0.14461, 0.214515, 0.199277, 0.425336, 0.344184
 0.314709, 0.151496, 0.22473, 0.208767, 0.44559, 0.360574
 0.329014, 0.158382, 0.234945, 0.218256, 0.465844, 0.376964
 0.343319, 0.165269, 0.24516, 0.227745, 0.486098, 0.393353
 0.357624, 0.172155, 0.255375, 0.237235, 0.506353, 0.409743
 0.371929, 0.179041, 0.26559, 0.246724, 0.526607, 0.426133
 0.386233, 0.185927, 0.275805, 0.256214, 0.546861, 0.442523
 0.400538, 0.192813, 0.28602, 0.265703, 0.567115, 0.458912
 0.414843, 0.1997, 0.296236, 0.275192, 0.587369, 0.475302
 0.429148, 0.206586, 0.306451, 0.284682, 0.607623, 0.491692
 0.443453, 0.213472, 0.316666, 0.294171, 0.627877, 0.508082
 0.457758, 0.220358, 0.326881, 0.303661, 0.648131, 0.524471
 0.472063, 0.227244, 0.337096, 0.31315, 0.668385, 0.540861
 0.486368, 0.234131, 0.347311, 0.322639, 0.688639, 0.557251
 0.500673, 0.241017, 0.357526, 0.332129, 0.708894, 0.573641
 0.514978, 0.247903, 0.367741, 0.341618, 0.729148, 0.59003
 0.529283, 0.254789, 0.377956, 0.351107, 0.749402, 0.60642
 0.543588, 0.261675, 0.388171, 0.360597, 0.769656, 0.62281
 0.557893, 0.268562, 0.398386, 0.370086, 0.78991, 0.639199
 0.572198, 0.275448, 0.408601, 0.379576, 0.810164, 0.655589
 0.586503, 0.282334, 0.418816, 0.389065, 0.830418, 0.671979
 0.600808, 0.28922, 0.429031, 0.398554, 0.850672, 0.688369
 0.615113, 0.296106, 0.439246, 0.408044, 0.870926, 0.704758
 0.629417, 0.302993, 0.449461, 0.417533, 0.891181, 0.721148
 0.643722, 0.309879, 0.459676, 0.427023, 0.911435, 0.737538
 0.658027, 0.316765, 0.469891, 0.436512, 0.931689, 0.753928
 0.672332, 0.323651, 0.480106, 0.446001, 0.951943, 0.770317
 0.686637, 0.330537, 0.490321, 0.455491, 0.972197, 0.786707
 0.700942, 0.337423, 0.500536, 0.46498, 0.992451, 0.803097
 0.702011, 0.338481, 0.506893, 0.470233, 0.992489, 0.804289
 0.703079, 0.339539, 0.513251, 0.475486, 0.992528, 0.80548
 0.704148, 0.340597, 0.519609, 0.480739, 0.992566, 0.806672
 0.705216, 0.341655, 0.525966, 0.485992, 0.992604, 0.807864
 0.706285, 0.342712, 0.532324, 0.491245, 0.992643, 0.809056
 0.707354, 0.34377, 0.538682, 0.496498, 0.992681, 0.810248
 0.708422, 0.344828, 0.545039, 0.501752, 0.99272, 0.81144
 0.709491, 0.345886, 0.551397, 0.507005, 0.992758, 0.812632
 0.710559, 0.346943, 0.557754, 0.512258, 0.992796, 0.813824
 0.711628, 0.348001, 0.564112, 0.517511, 0.992835, 0.815015
 0.712696, 0.349059, 0.57047, 0.522764, 0.992873, 0.816207
 0.713765, 0.350117, 0.576827, 0.528017, 0.992911, 0.817399
 0.714833, 0.351174, 0.583185, 0.53327, 0.99295, 0.818591
 0.715902, 0.352232, 0.589542, 0.538523, 0.992988, 0.819783
 0.71697, 0.35329, 0.5959, 0.543776, 0.993027, 0.820975
 0.718039, 0.354348, 0.602258, 0.549029, 0.993065, 0.822167
 0.719108, 0.355405, 0.608615, 0.554282, 0.993103, 0.823359
 0.720176, 0.356463, 0.614973, 0.559535, 0.993142, 0.824551
 0.721245, 0.357521, 0.621331, 0.564788, 0.99318, 0.825742
 0.722313, 0.358579, 0.627688, 0.570041, 0.993218, 0.826934
 0.723382, 0.359636, 0.634046, 0.575294, 0.993257, 0.828126
 0.72445, 0.360694, 0.640403, 0.580547, 0.993295, 0.829318
 0.725519, 0.361752, 0.646761, 0.5858, 0.993333, 0.83051
 0.726587, 0.36281, 0.653119, 0.591053, 0.993372, 0.831702
 0.727656, 0.363867, 0.659476, 0.596306, 0.99341, 0.832894
 0.728724, 0.364925, 0.665834, 0.601559, 0.993449, 0.834086
 0.729793, 0.365983, 0.672191, 0.606813, 0.993487, 0.835277
 0.730862, 0.367041, 0.678549, 0.612066, 0.993525, 0.836469
 0.73193, 0.368098, 0.684907, 0.617319, 0.993564, 0.837661
 0.732999, 0.369156, 0.691264, 0.622572, 0.993602, 0.838853
 0.734067, 0.370214, 0.697622, 0.627825, 0.99364, 0.840045
 0.735136, 0.371272, 0.70398, 0.633078, 0.993679, 0.841237
 0.736204, 0.372329, 0.710337, 0.638331, 0.993717, 0.842429
 0.737273, 0.373387, 0.716695, 0.643584, 0.993755, 0.843621
 0.738341, 0.374445, 0.723052, 0.648837, 0.993794, 0.844812
 0.73941, 0.375503, 0.72941, 0.65409, 0.993832, 0.846004
 0.740479, 0.37656, 0.735768, 0.659343, 0.993871, 0.847196
 0.741547, 0.377618, 0.742125, 0.664596, 0.993909, 0.848388
 0.742616, 0.378676, 0.748483, 0.669849, 0.993947, 0.84958
 0.743684, 0.379734, 0.75484, 0.675102, 0.993986, 0.850772
 0.744753, 0.380791, 0.761198, 0.680355, 0.994024, 0.851964
 0.745821, 0.381849, 0.767556, 0.685608, 0.994062, 0.853156
 0.74689, 0.382907, 0.773913, 0.690861, 0.994101, 0.854347
 0.747958, 0.383965, 0.780271, 0.696114, 0.994139, 0.855539
 0.749027, 0.385022, 0.786628, 0.701367, 0.994177, 0.856731
 0.750095, 0.38608, 0.792986, 0.70662, 0.994216, 0.857923
 0.751164, 0.387138, 0.799344, 0.711873, 0.994254, 0.859115
 0.752233, 0.388196, 0.805701, 0.717127, 0.994293, 0.860307
 0.753301, 0.389253, 0.812059, 0.72238, 0.994331, 0.861499
 0.753788, 0.392467, 0.812712, 0.727601, 0.994372, 0.863608
 0.754275, 0.395681, 0.813365, 0.732822, 0.994414, 0.865718
 0.754762, 0.398895, 0.814018, 0.738044, 0.994455, 0.867828
 0.755249, 0.40211, 0.814671, 0.743265, 0.994496, 0.869937
 0.755736, 0.405324, 0.815324, 0.748486, 0.994538, 0.872047
 0.756223, 0.408538, 0.815976, 0.753708, 0.994579, 0.874156
 0.75671, 0.411752, 0.816629, 0.758929, 0.99462, 0.876266
 0.757197, 0.414966, 0.817282, 0.76415, 0.994661, 0.878376
 0.757684, 0.41818, 0.817935, 0.769371, 0.994703, 0.880485
 0.758171, 0.421394, 0.818588, 0.774593, 0.994744, 0.882595
 0.758658, 0.424608, 0.819241, 0.779814, 0.994785, 0.884704
 0.759145, 0.427822, 0.819894, 0.785035, 0.994827, 0.886814
 0.759632, 0.431036, 0.820547, 0.790257, 0.994868, 0.888924
 0.760119, 0.43425, 0.8212, 0.795478, 0.994909, 0.891033
 0.760606, 0.437464, 0.821853, 0.800699, 0.994951, 0.893143
 0.761093, 0.440678, 0.822506, 0.805921, 0.994992, 0.895253
 0.76158, 0.443892, 0.823158, 0.811142, 0.995033, 0.897362
 0.762067, 0.447106, 0.823811, 0.816363, 0.995075, 0.899472
 0.762554, 0.450321, 0.824464, 0.821585, 0.995116, 0.901581
 0.763041, 0.453535, 0.825117, 0.826806, 0.995157, 0.903691
 0.763528, 0.456749, 0.82577, 0.832027, 0.995199, 0.905801
 0.764015, 0.459963, 0.826423, 0.837249, 0.99524, 0.90791
 0.764502, 0.463177, 0.827076, 0.84247, 0.995281, 0.91002
 0.764988, 0.466391, 0.827729, 0.847691, 0.995323, 0.912129
 0.765475, 0.469605, 0.828382, 0.852913, 0.995364, 0.914239
 0.765962, 0.472819, 0.829035, 0.858134, 0.995405, 0.916349
 0.766449, 0.476033, 0.829688, 0.863355, 0.995447, 0.918458
 0.766936, 0.479247, 0.83034, 0.868577, 0.995488, 0.920568
 0.767423, 0.482461, 0.830993, 0.873798, 0.995529, 0.922678
 0.76791, 0.485675, 0.831646, 0.879019, 0.99557, 0.924787
 0.768397, 0.488889, 0.832299, 0.884241, 0.995612, 0.926897
 0.768884, 0.492103, 0.832952, 0.889462, 0.995653, 0.929006
 0.769371, 0.495317, 0.833605, 0.894683, 0.995694, 0.931116
 0.769858, 0.498531, 0.834258, 0.899905, 0.995736, 0.933226
 0.770345, 0.501746, 0.834911, 0.905126, 0.995777, 0.935335
 0.770832, 0.50496, 0.835564, 0.910347, 0.995818, 0.937445
 0.771319, 0.508174, 0.836217, 0.915569, 0.99586, 0.939554
 0.771806, 0.511388, 0.83687, 0.92079, 0.995901, 0.941664
 0.772293, 0.514602, 0.837523, 0.926011, 0.995942, 0.943774
 0.77278, 0.517816, 0.838175, 0.931233, 0.995984, 0.945883
 0.773267, 0.52103, 0.838828, 0.936454, 0.996025, 0.947993
 0.773754, 0.524244, 0.839481, 0.941675, 0.996066, 0.950103
 0.774241, 0.527458, 0.840134, 0.946897, 0.996108, 0.952212
 0.774728, 0.530672, 0.840787, 0.952118, 0.996149, 0.954322
 0.775215, 0.533886, 0.84144, 0.957339, 0.99619, 0.956431
 0.775702, 0.5371, 0.842093, 0.96256, 0.996232, 0.958541
 0.776189, 0.540314, 0.842746, 0.967782, 0.996273, 0.960651
 0.776676, 0.543528, 0.843399, 0.973003, 0.996314, 0.96276
 0.777163, 0.546742, 0.844052, 0.978224, 0.996356, 0.96487
 0.781256, 0.554538, 0.847199, 0.978416, 0.996423, 0.965181
 0.785348, 0.562333, 0.850346, 0.978607, 0.99649, 0.965491
 0.789441, 0.570128, 0.853493, 0.978798, 0.996557, 0.965802
 0.793534, 0.577924, 0.85664, 0.978989, 0.996624, 0.966113
 0.797627, 0.585719, 0.859787, 0.97918, 0.996691, 0.966424
 0.801719, 0.593514, 0.862934, 0.979371, 0.996759, 0.966734
 0.805812, 0.601309, 0.866081, 0.979562, 0.996826, 0.967045
 0.809905, 0.609105, 0.869228, 0.979754, 0.996893, 0.967356
 0.813997, 0.6169, 0.872375, 0.979945, 0.99696, 0.967667
 0.81809, 0.624695, 0.875522, 0.980136, 0.997027, 0.967977
 0.822183, 0.632491, 0.878669, 0.980327, 0.997095, 0.968288
 0.826276, 0.640286, 0.881816, 0.980518, 0.997162, 0.968599
 0.830368, 0.648081, 0.884963, 0.980709, 0.997229, 0.968909
 0.834461, 0.655877, 0.88811, 0.9809, 0.997296, 0.96922
 0.838554, 0.663672, 0.891257, 0.981091, 0.997363, 0.969531
 0.842647, 0.671467, 0.894404, 0.981283, 0.99743, 0.969842
 0.846739, 0.679262, 0.897551, 0.981474, 0.997498, 0.970152
 0.850832, 0.687058, 0.900698, 0.981665, 0.997565, 0.970463
 0.854925, 0.694853, 0.903845, 0.981856, 0.997632, 0.970774
 0.859018, 0.702648, 0.906991, 0.982047, 0.997699, 0.971085
 0.86311, 0.710444, 0.910138, 0.982238, 0.997766, 0.971395
 0.867203, 0.718239, 0.913285, 0.982429, 0.997834, 0.971706
 0.871296, 0.726034, 0.916432, 0.982621, 0.997901, 0.972017
0.875389, 0.73383, 0.919579, 0.982812, 0.997968, 0.972328
0.879481, 0.741625, 0.922726, 0.983003, 0.998035, 0.972638
0.883574, 0.74942, 0.925873, 0.983194, 0.998102, 0.972949
 0.887667, 0.757215, 0.92902, 0.983385, 0.998169, 0.97326
 0.89176, 0.765011, 0.932167, 0.983576, 0.998237, 0.973571
 0.895852, 0.772806, 0.935314, 0.983767, 0.998304, 0.973881
 0.899945, 0.780601, 0.938461, 0.983958, 0.998371, 0.974192
 0.904038, 0.788397, 0.941608, 0.98415, 0.998438, 0.974503
 0.90813, 0.796192, 0.944755, 0.984341, 0.998505, 0.974814
 0.912223, 0.803987, 0.947902, 0.984532, 0.998573, 0.975124
 0.916316, 0.811782, 0.951049, 0.984723, 0.99864, 0.975435
 0.920409, 0.819578, 0.954196, 0.984914, 0.998707, 0.975746
 0.924501, 0.827373, 0.957343, 0.985105, 0.998774, 0.976056
 0.928594, 0.835168, 0.96049, 0.985296, 0.998841, 0.976367
 0.932687, 0.842964, 0.963637, 0.985488, 0.998909, 0.976678
 0.93678, 0.850759, 0.966784, 0.985679, 0.998976, 0.976989
 0.940872, 0.858554, 0.969931, 0.98587, 0.999043, 0.977299
 0.944965, 0.86635, 0.973078, 0.986061, 0.99911, 0.97761
 0.949058, 0.874145, 0.976225, 0.986252, 0.999177, 0.977921
 0.953151, 0.88194, 0.979372, 0.986443, 0.999244, 0.978232
 0.957243, 0.889735, 0.982519, 0.986634, 0.999312, 0.978542
 0.961336, 0.897531, 0.985666, 0.986825, 0.999379, 0.978853
 0.965429, 0.905326, 0.988813, 0.987017, 0.999446, 0.979164
 0.969522, 0.913121, 0.99196, 0.987208, 0.999513, 0.979475
 0.973614, 0.920917, 0.995107, 0.987399, 0.99958, 0.979785
 0.977707, 0.928712, 0.998254, 0.98759, 0.999648, 0.980096
 0.978162, 0.930167, 0.99829, 0.987843, 0.999655, 0.980502
 0.978617, 0.931622, 0.998326, 0.988097, 0.999662, 0.980908
 0.979072, 0.933076, 0.998361, 0.98835, 0.999669, 0.981315
 0.979527, 0.934531, 0.998397, 0.988603, 0.999676, 0.981721
 0.979982, 0.935986, 0.998432, 0.988856, 0.999683, 0.982127
 0.980437, 0.937441, 0.998468, 0.98911, 0.999691, 0.982533
 0.980892, 0.938896, 0.998504, 0.989363, 0.999698, 0.982939
 0.981347, 0.940351, 0.998539, 0.989616, 0.999705, 0.983346
 0.981802, 0.941806, 0.998575, 0.989869, 0.999712, 0.983752
 0.982257, 0.943261, 0.998611, 0.990123, 0.999719, 0.984158
 0.982712, 0.944715, 0.998646, 0.990376, 0.999727, 0.984564
 0.983167, 0.94617, 0.998682, 0.990629, 0.999734, 0.984971
 0.983622, 0.947625, 0.998717, 0.990882, 0.999741, 0.985377
 0.984076, 0.94908, 0.998753, 0.991136, 0.999748, 0.985783
 0.984531, 0.950535, 0.998789, 0.991389, 0.999755, 0.986189
 0.984986, 0.95199, 0.998824, 0.991642, 0.999763, 0.986595
 0.985441, 0.953445, 0.99886, 0.991896, 0.99977, 0.987002
 0.985896, 0.954899, 0.998896, 0.992149, 0.999777, 0.987408
 0.986351, 0.956354, 0.998931, 0.992402, 0.999784, 0.987814
 0.986806, 0.957809, 0.998967, 0.992655, 0.999791, 0.98822
 0.987261, 0.959264, 0.999002, 0.992909, 0.999799, 0.988626
 0.987716, 0.960719, 0.999038, 0.993162, 0.999806, 0.989033
 0.988171, 0.962174, 0.999074, 0.993415, 0.999813, 0.989439
 0.988626, 0.963629, 0.999109, 0.993668, 0.99982, 0.989845
 0.989081, 0.965083, 0.999145, 0.993922, 0.999827, 0.990251
 0.989536, 0.966538, 0.999181, 0.994175, 0.999835, 0.990657
 0.989991, 0.967993, 0.999216, 0.994428, 0.999842, 0.991064
 0.990446, 0.969448, 0.999252, 0.994681, 0.999849, 0.99147
 0.990901, 0.970903, 0.999287, 0.994935, 0.999856, 0.991876
 0.991356, 0.972358, 0.999323, 0.995188, 0.999863, 0.992282
 0.991811, 0.973813, 0.999359, 0.995441, 0.999871, 0.992688
 0.992266, 0.975267, 0.999394, 0.995694, 0.999878, 0.993095
 0.992721, 0.976722, 0.99943, 0.995948, 0.999885, 0.993501
 0.993176, 0.978177, 0.999466, 0.996201, 0.999892, 0.993907
 0.993631, 0.979632, 0.999501, 0.996454, 0.999899, 0.994313
 0.994086, 0.981087, 0.999537, 0.996708, 0.999906, 0.994719
 0.994541, 0.982542, 0.999572, 0.996961, 0.999914, 0.995126
 0.994995, 0.983997, 0.999608, 0.997214, 0.999921, 0.995532
 0.99545, 0.985451, 0.999644, 0.997467, 0.999928, 0.995938
 0.995905, 0.986906, 0.999679, 0.997721, 0.999935, 0.996344
 0.99636, 0.988361, 0.999715, 0.997974, 0.999942, 0.99675
 0.996815, 0.989816, 0.999751, 0.998227, 0.99995, 0.997157
 0.99727, 0.991271, 0.999786, 0.99848, 0.999957, 0.997563
 0.997725, 0.992726, 0.999822, 0.998734, 0.999964, 0.997969
 0.99818, 0.994181, 0.999857, 0.998987, 0.999971, 0.998375
 0.998635, 0.995635, 0.999893, 0.99924, 0.999978, 0.998781
 0.99909, 0.99709, 0.999929, 0.999493, 0.999986, 0.999188
 0.999545, 0.998545, 0.999964, 0.999747, 0.999993, 0.999594
 1, 1, 1, 1, 1, 1