-211.704
251.422
306.337
-211.709
251.436
306.346
-211.697
251.413
306.349
-172.447
262.584
315.493
-172.445
262.591
315.495
-172.450
262.591
315.498
-145.580
240.054
359.563
-145.587
240.046
359.566
-145.583
240.055
359.571
-246.291
214.885
374.852
-246.300
214.877
374.858
-246.309
214.874
374.824
-195.307
208.828
420.171
-195.323
208.825
420.139
-195.324
208.831
420.155
-165.492
89.932
342.742
-165.498
89.944
342.739
-165.479
89.954
342.737
-381.595
169.387
319.287
-381.598
169.387
319.276
-381.599
169.400
319.267
-195.590
110.463
257.566
-195.592
110.469
257.559
-195.593
110.452
257.587
-97.536
78.435
476.095
-97.562
78.438
476.093
-97.540
78.451
476.090
-233.956
132.554
463.930
-233.974
132.535
463.912
-233.975
132.540
463.919
-324.138
96.261
293.025
-324.146
96.277
292.976
-324.147
96.268
292.991
-242.175
229.310
328.676
-242.159
229.319
328.678
-242.174
229.311
328.673
-195.541
264.537
345.444
-195.531
264.532
345.441
-195.519
264.523
345.440
-161.927
241.472
380.515
-161.922
241.476
380.531
-161.936
241.464
380.505
-251.637
174.340
385.022
-251.633
174.346
385.013
-251.645
174.348
385.006
-234.731
134.481
262.591
-234.729
134.482
262.602
-234.731
134.490
262.586
-78.106
104.876
282.656
-78.095
104.882
282.663
-78.124
104.865
282.649
-147.796
82.224
395.674
-147.812
82.220
395.667
-147.818
82.234
395.650
-227.850
242.600
299.352
-227.867
242.533
299.377
-227.851
242.550
299.381
-172.531
256.214
317.443
-172.533
256.195
317.450
-172.523
256.216
317.452
-141.222
245.060
361.945
-141.227
245.074
361.960
-141.212
245.084
361.959
-251.341
208.137
382.875
-251.325
208.136
382.865
-251.334
208.139
382.873
-172.681
209.816
482.967
-172.650
209.814
482.972
-172.651
209.816
482.980
-153.488
370.017
553.841
-153.467
370.010
553.823
-153.480
370.006
553.830
-119.523
335.312
557.873
-119.527
335.307
557.871
-119.532
335.313
557.860
-185.265
348.158
569.893
-185.258
348.160
569.898
-185.274
348.151
569.903
-197.627
377.418
536.686
-197.600
377.379
536.650
-197.593
377.379
536.652
-225.691
124.663
296.269
-225.693
124.681
296.263
-225.669
124.700
296.263
-156.408
151.558
524.849
-156.460
151.526
524.821
-156.434
151.544
524.850
-175.040
190.515
294.937
-175.042
190.542
294.936
-175.041
190.572
294.924
-220.729
330.072
587.406
-220.742
330.080
587.418
-220.763
330.081
587.454
-107.124
298.941
482.579
-107.117
298.943
482.578
-107.118
298.945
482.574
-103.258
262.147
492.204
-103.259
262.146
492.196
-103.262
262.150
492.206
-59.039
237.292
479.557
-59.040
237.287
479.555
-59.033
237.287
479.548
-99.169
238.053
498.406
-99.160
238.057
498.401
-99.170
238.055
498.410
-51.666
216.309
479.323
-51.678
216.307
479.346
-51.665
216.308
479.315
-119.236
209.868
496.962
-119.235
209.865
496.966
-119.256
209.868
496.974
-143.267
243.984
483.968
-143.274
243.984
483.964
-143.269
243.983
483.964
